Sample_ID	Year	Timing	Water_temp_surface	Water_temp_bottom	Total_abun	Num_species	Shannon.d	Simpson.d
Sample001	2002	2002-01-first	13	13	80	17	2.00964453067	0.7784375
Sample002	2002	2002-01-second	10	13	72	15	2.06839654072635	0.820987654320988
Sample003	2002	2002-02-first	11	12	38	11	1.97993167694517	0.813019390581717
Sample004	2002	2002-02-second	11	11	34	7	1.54154893574629	0.72318339100346
Sample005	2002	2002-03-first	13	11	50	12	1.82421713286718	0.776
Sample006	2002	2002-03-second	12	12	76	10	1.6202605019744	0.725069252077562
Sample007	2002	2002-04-first	15	14	118	19	2.04135679374203	0.791151967825338
Sample008	2002	2002-04-second	16	15	115	17	2.05819687902307	0.809981096408318
Sample009	2002	2002-05-first	17	15	222	15	1.85222068485946	0.77948218488759
Sample010	2002	2002-05-second	21	17	603	20	1.24188558290869	0.463151352139249
Sample011	2002	2002-06-first	21.9	18.5	1157	23	1.49830190348093	0.66951381579488
Sample012	2002	2002-06-second	21.3	21	848	23	1.12257332163574	0.406469717871129
Sample013	2002	2002-07-first	25	21.5	1666	27	1.14254180240505	0.488792876094015
Sample014	2002	2002-07-second	30.4	23.5	1599	28	1.46618253324128	0.600022449928641
Sample015	2002	2002-08-first	27.5	25.2	1167	26	1.73747142853439	0.707260283327055
Sample016	2002	2002-08-second	25.6	25.5	1819	24	1.20274378842492	0.579754173843321
Sample017	2002	2002-09-first	26.5	25.7	373	22	1.6308959232363	0.65480237764952
Sample018	2002	2002-09-second	24	24.3	1481	23	1.31568872948801	0.62377055122253
Sample019	2002	2002-10-first	23	22.5	1344	23	1.18052330409459	0.495191370819161
Sample020	2002	2002-10-second	19.4	21.5	886	20	0.825705285285629	0.299716176897717
Sample021	2002	2002-11-first	17.2	18	1181	19	1.37062629582525	0.644250878824401
Sample022	2002	2002-11-second	13	14.4	1241	15	1.00183527771581	0.50808366572927
Sample023	2002	2002-12-first	11	14.5	190	14	1.47700622507709	0.647756232686981
Sample024	2002	2002-12-second	12.1	14	74	13	1.9643063740008	0.79254930606282
Sample025	2003	2003-01-first	6.8	13.5	90	11	1.49052357343558	0.681234567901235
Sample026	2003	2003-01-second	11	12.2	83	16	2.11003333333495	0.827986645376688
Sample027	2003	2003-02-first	5.8	11.5	52	10	1.7843979677917	0.765532544378698
Sample028	2003	2003-02-second	8.2	10.8	126	13	1.69967247114889	0.749559082892416
Sample029	2003	2003-03-first	7.5	10.1	46	6	1.22399517048143	0.638941398865784
Sample030	2003	2003-03-second	12	10.1	32	8	1.71807492799694	0.783203125
Sample031	2003	2003-04-first	11	10.5	66	13	1.87621452773144	0.777777777777778
Sample032	2003	2003-04-second	16.5	10.6	88	10	1.37422729489501	0.613894628099174
Sample033	2003	2003-05-first	16.8	13.4	104	18	2.1120426070988	0.795488165680473
Sample034	2003	2003-05-second	15.9	14.7	78	18	2.50805453299729	0.894148586456279
Sample035	2003	2003-06-first	20.5	16.5	191	19	2.13846350846242	0.801293824182451
Sample036	2003	2003-06-second	22.5	19.5	162	22	2.54388868868576	0.89437585733882
Sample037	2003	2003-07-first	23	20.5	286	21	1.58521838255296	0.585016382219179
Sample038	2003	2003-07-second	23.6	22	508	28	1.49904256154811	0.55735011470023
Sample039	2003	2003-08-first	26.5	22.5	1096	25	1.37352482726697	0.609733803079546
Sample040	2003	2003-08-second	27.2	23.5	1532	25	1.09051093442907	0.429999011514156
Sample041	2003	2003-09-first	27.5	24.3	1279	27	1.36918346363903	0.621521284770341
Sample042	2003	2003-09-second	22.2	23.5	321	25	2.26462369732133	0.839413437369591
Sample043	2003	2003-10-first	21.9	22	789	21	1.92661573280133	0.776343288017593
Sample044	2003	2003-10-second	19.5	19.5	316	23	2.49701574018117	0.890902900176254
Sample045	2003	2003-11-first	15.3	18.9	427	16	1.19381977359806	0.489477812086942
Sample046	2003	2003-11-second	15.4	17.4	309	16	1.13774836005423	0.436798944292582
Sample047	2003	2003-12-first	13	17.4	1268	19	1.22514008887815	0.590742519081691
Sample048	2003	2003-12-second	11.7	14.4	68	14	1.99241264368029	0.806228373702422
Sample049	2004	2004-01-first	9.4	14	74	11	1.79905335293117	0.783053323593864
Sample050	2004	2004-01-second	10.5	12.3	66	11	1.76275972676817	0.775022956841139
Sample051	2004	2004-02-first	10.3	12	92	11	1.80223705408626	0.784026465028355
Sample052	2004	2004-02-second	10.4	11.4	28	7	1.6079641504829	0.76530612244898
Sample053	2004	2004-03-first	9.5	12	15	7	1.73212598149027	0.791111111111111
Sample054	2004	2004-03-second	12.1	12.4	30	9	2.00841805248967	0.846666666666667
Sample055	2004	2004-04-first	14.2	13	55	9	1.85007814901124	0.793388429752066
Sample056	2004	2004-04-second	16	15	108	11	2.00856979686763	0.833676268861454
Sample057	2004	2004-05-first	18.5	16	146	17	2.2443370853206	0.837211484331019
Sample058	2004	2004-05-second	21	17.7	186	16	1.69099276679415	0.674933518325818
Sample059	2004	2004-06-first	23.9	19	109	16	2.46857277499376	0.900597592795219
Sample060	2004	2004-06-second	24.9	20	187	20	2.11142652594734	0.818096027910435
Sample061	2004	2004-07-first	29	21.6	284	17	1.89208462761837	0.779929577464789
Sample062	2004	2004-07-second	31.1	26.5	337	21	2.1970563724713	0.824890595144802
Sample063	2004	2004-08-first	29.3	25.7	920	24	2.07718267779211	0.818539697542533
Sample064	2004	2004-08-second	28.9	27.5	982	19	1.04917853493732	0.407439823129985
Sample065	2004	2004-09-first	27	25.5	1095	23	1.33994462068132	0.553204478638894
Sample066	2004	2004-09-second	25	25	2028	25	1.34590657347455	0.570936864177647
Sample067	2004	2004-10-first	23.4	24.5	1485	26	1.45949025364436	0.618620775657813
Sample068	2004	2004-10-second	19.9	21.6	557	15	1.01444492200708	0.437751612414545
Sample069	2004	2004-11-first	21.6	21	666	18	1.36783576937399	0.591997402808214
Sample070	2004	2004-11-second	18.3	20.1	401	18	1.53619444099821	0.635667688633777
Sample071	2004	2004-12-first	16.8	18	482	8	0.919954619063096	0.445007833887158
Sample072	2004	2004-12-second	12.4	16	115	12	1.55495400084114	0.706086956521739
Sample073	2005	2005-01-first	9.5	16	134	11	1.43872175017898	0.626754288260192
Sample074	2005	2005-01-second	14.1	15.1	159	12	1.57245035214805	0.710573157707369
Sample075	2005	2005-02-first	8.4	13.6	28	4	0.808447285659199	0.441326530612245
Sample076	2005	2005-02-second	10.6	12.9	141	9	1.41221660311113	0.672400784668779
Sample077	2005	2005-03-first	10.2	12.5	39	6	1.32641525530326	0.64957264957265
Sample078	2005	2005-03-second	11.8	12	34	7	1.48541710686205	0.709342560553633
Sample079	2005	2005-04-first	14.7	12.1	39	7	1.39680073696572	0.675871137409599
Sample080	2005	2005-04-second	15.5	14	156	12	1.8116015057066	0.763231426692965
Sample081	2005	2005-05-first	19.3	15	285	14	1.58998827933996	0.678559556786704
Sample082	2005	2005-05-second	20.4	16.9	655	14	0.850440701266919	0.337439543150166
Sample083	2005	2005-06-first	21.4	18.8	432	22	2.038853381468	0.809735082304527
Sample084	2005	2005-06-second	25.1	19.9	412	22	1.45858009223435	0.527688754830804
Sample085	2005	2005-07-first	26.9	24	1224	19	0.893959133064159	0.377406926823017
Sample086	2005	2005-07-second	27	26.9	2466	31	1.32245431510676	0.628073017695978
Sample087	2005	2005-08-first	30.1	24.7	1125	29	1.75179193025079	0.72124049382716
Sample088	2005	2005-08-second	29.9	28.5	1167	28	1.86496607796208	0.747438300771943
Sample089	2005	2005-09-first	29.9	28.1	906	23	1.83686515921842	0.76921333859626
Sample090	2005	2005-09-second	25.8	24.9	866	28	2.10087499219129	0.804196512862088
Sample091	2005	2005-10-first	23.5	23	654	26	2.22158826558995	0.842643249258854
Sample092	2005	2005-10-second	20.7	21.5	649	22	1.4374209808332	0.589438296680207
Sample093	2005	2005-11-first	20.9	21.1	263	15	1.95886783288477	0.809264265783805
Sample094	2005	2005-11-second	17.2	19.4	381	13	1.55711597033818	0.718429881304207
Sample095	2005	2005-12-first	17.1	18.4	453	14	1.05351990404977	0.449658640702893
Sample096	2005	2005-12-second	5.2	14.5	55	7	1.38318597518023	0.665785123966942
Sample097	2006	2006-01-first	10.5	13.5	68	10	1.54067689461422	0.678200692041523
Sample098	2006	2006-01-second	8	12.5	133	14	1.8907094334273	0.772683588670925
Sample099	2006	2006-02-first	10	11.8	62	11	1.67208446480752	0.732570239334027
Sample100	2006	2006-02-second	11.4	11.3	51	9	1.56451204171716	0.715878508266051
Sample101	2006	2006-03-first	12.1	10.9	62	8	1.44685774147231	0.631633714880333
Sample102	2006	2006-03-second	10.7	11.1	41	8	1.76948495127897	0.798334324806663
Sample103	2006	2006-04-first	11.9	11.9	67	8	1.36862915346659	0.609935397638672
Sample104	2006	2006-04-second	15.1	12.9	254	9	0.777211823139483	0.340628681257362
Sample105	2006	2006-05-first	17	14.5	28	12	2.02688320776275	0.806122448979592
Sample106	2006	2006-05-second	17.5	16.8	1717	18	0.718622630252997	0.320046647167029
Sample107	2006	2006-06-first	20.9	17.5	468	23	1.4339952591486	0.522152823434875
Sample108	2006	2006-06-second	23.5	19	202	19	1.85057100034735	0.748407018919714
Sample109	2006	2006-07-first	27.5	22.4	442	22	1.22222037852737	0.433242562601093
Sample110	2006	2006-07-second	29.1	24.8	806	25	1.65075096725818	0.708452117801353
Sample111	2006	2006-08-first	30.5	25.9	275	24	1.8028039722866	0.683715702479339
Sample112	2006	2006-08-second	29.6	25.8	1342	24	1.84533631535744	0.769918776832852
Sample113	2006	2006-09-first	27.5	25.3	1173	29	1.56832632293703	0.659041273205231
Sample114	2006	2006-09-second	23.5	23.4	603	20	1.83989234709615	0.766290163334791
Sample115	2006	2006-10-first	20.4	22.3	426	16	1.37896568790931	0.550012122815138
Sample116	2006	2006-10-second	21.6	21.1	265	17	1.92794750145564	0.790573157707369
Sample117	2006	2006-11-first	20.1	20	252	17	1.74256796764917	0.693688586545729
Sample118	2006	2006-11-second	16	19.5	725	23	1.05864979556614	0.4109774078478
Sample119	2006	2006-12-first	16	16.5	1554	19	0.900331437721159	0.432379428518425
Sample120	2006	2006-12-second	14	16.5	3390	12	0.390357858097045	0.160118864263276
Sample121	2007	2007-01-first	12.6	13.7	82	11	1.72483376219147	0.733491969066032
Sample122	2007	2007-01-second	11.5	14.7	96	11	1.5485510939428	0.69921875
Sample123	2007	2007-02-first	12.9	13.5	20	8	1.74806734854609	0.77
Sample124	2007	2007-02-second	11	13	41	10	1.76811650973034	0.750743604997026
Sample125	2007	2007-03-first	12.5	12.7	31	9	1.43357539182687	0.601456815816857
Sample126	2007	2007-03-second	10.6	11.6	12	4	1.35797785498732	0.736111111111111
Sample127	2007	2007-04-first	14	12.8	63	9	1.70539542227948	0.757369614512472
Sample128	2007	2007-04-second	14.3	14	93	11	1.45776947066004	0.640305237599722
Sample129	2007	2007-05-first	18.5	16.7	106	15	2.13127730307825	0.833926664293343
Sample130	2007	2007-05-second	21.4	16.9	117	15	1.93819047008488	0.787493608006429
Sample131	2007	2007-06-first	21.7	18.3	330	18	1.54622535104643	0.609605142332415
Sample132	2007	2007-06-second	24.1	20.1	381	21	1.74316575739044	0.680499583221389
Sample133	2007	2007-07-first	24.2	21.9	130	21	2.1818624392314	0.827218934911243
Sample134	2007	2007-07-second	28	22.7	187	23	2.35845146701707	0.84880894506563
Sample135	2007	2007-08-first	26.9	24	725	22	1.33065929989934	0.51106016646849
Sample136	2007	2007-08-second	29.5	28	626	24	1.25544525584547	0.472231011850687
Sample137	2007	2007-09-first	28.5	28.8	1517	33	1.67548198744267	0.655227570287782
Sample138	2007	2007-09-second	29.5	27.5	720	28	1.69265500800171	0.658298611111111
Sample139	2007	2007-10-first	24.4	25.4	764	21	1.28715654826722	0.489090211342891
Sample140	2007	2007-10-second	23.7	23	797	21	1.44554307662143	0.583127757950533
Sample141	2007	2007-11-first	20.7	21	262	20	1.90754855382146	0.773672862886778
Sample142	2007	2007-11-second	19.5	19.7	400	20	1.757076704439	0.70815
Sample143	2007	2007-12-first	17.1	17.5	660	20	1.43662760710793	0.600022956841139
Sample144	2007	2007-12-second	11.8	16.5	759	17	1.24503083968418	0.5389832332606
Sample145	2008	2008-01-first	11.5	15	1462	16	0.756286482383024	0.31727427712726
Sample146	2008	2008-01-second	7.5	14	518	12	0.892293740859994	0.388962597456806
Sample147	2008	2008-02-first	7.9	11.9	75	12	1.49159224796213	0.632533333333333
Sample148	2008	2008-02-second	7.2	9.8	37	4	1.00317908281324	0.530314097881665
Sample149	2008	2008-03-first	8.4	10.2	68	10	1.46682827492236	0.635813148788927
Sample150	2008	2008-03-second	12.4	10.6	47	9	1.70949885476396	0.770484382073336
Sample151	2008	2008-04-first	13	11.5	46	10	1.54244297623331	0.648393194706994
Sample152	2008	2008-04-second	15.6	12.1	102	8	0.958582438872103	0.485005767012687
Sample153	2008	2008-05-first	18	14.9	125	15	2.18856681761664	0.847104
Sample154	2008	2008-05-second	19.2	15.5	967	16	1.56970344182723	0.731628754054427
Sample155	2008	2008-06-first	19.8	16.4	343	14	1.05363598801196	0.447075623252216
Sample156	2008	2008-06-second	22	19	304	21	1.83984624886002	0.764218317174515
Sample157	2008	2008-07-first	23.9	19.8	1288	18	0.944057108615338	0.384190183634891
Sample158	2008	2008-07-second	29.5	24	901	22	2.05732332676876	0.817540259250728
Sample159	2008	2008-08-first	29.9	28.1	2064	24	1.68560060739635	0.708078878973619
Sample160	2008	2008-08-second	26.7	27.8	703	19	1.25381335849085	0.482293928277308
Sample161	2008	2008-09-first	28	25.9	968	23	1.49240585745574	0.591231387883341
Sample162	2008	2008-09-second	25.4	26	570	20	1.24527880373935	0.492089873807325
Sample163	2008	2008-10-first	23	23.2	873	18	1.29964473463508	0.510548739124216
Sample164	2008	2008-10-second	23	23	300	17	2.01762906291069	0.829733333333333
Sample165	2008	2008-11-first	20.4	20	131	15	2.10866271682059	0.830021560515121
Sample166	2008	2008-11-second	13.2	16.5	586	14	1.16822881258373	0.505270882596186
Sample167	2008	2008-12-first	14.4	17	361	16	1.31394485261975	0.62263180914818
Sample168	2008	2008-12-second	14.9	14.9	4641	14	0.184195761354421	0.0595546258879466
Sample169	2009	2009-01-first	8.8	14.4	92	13	1.2977791120271	0.504017013232514
Sample170	2009	2009-01-second	11	13.4	69	10	1.21918800298838	0.528880487292586
Sample171	2009	2009-02-first	11.1	12.1	71	11	1.21705709274852	0.490378893076771
Sample172	2009	2009-02-second	9	11.2	119	8	0.940829919101993	0.483440434997528
Sample173	2009	2009-03-first	10	11.1	220	6	0.240704190597649	0.0880165289256197
Sample174	2009	2009-03-second	11.9	11.4	46	6	1.09990386776894	0.517013232514178
Sample175	2009	2009-04-first	11.8	11.3	37	8	1.49951386982002	0.698319941563185
Sample176	2009	2009-04-second	14	15.5	212	12	1.37728439348113	0.646359914560342
Sample177	2009	2009-05-first	15.8	18.6	614	13	0.842356043673835	0.330724994429649
Sample178	2009	2009-05-second	19.8	16.8	263	17	1.87078263937003	0.773554627072822
Sample179	2009	2009-06-first	20.2	17.9	675	19	1.43504507010693	0.659599451303155
Sample180	2009	2009-06-second	26.2	20.5	310	18	1.76568861522167	0.767346514047867
Sample181	2009	2009-07-first	24	22	2118	22	1.10229445768668	0.474905504417819
Sample182	2009	2009-07-second	26	24	451	21	1.83047040339729	0.70803978348189
Sample183	2009	2009-08-first	27.5	24	421	22	2.01835837901036	0.787425031454348
Sample184	2009	2009-08-second	26.1	25	645	22	1.95754602669084	0.787712276906436
Sample185	2009	2009-09-first	26.9	24.9	253	20	2.36639157243419	0.868534112390445
Sample186	2009	2009-09-second	25	24	520	23	1.93811061648783	0.772655325443787
Sample187	2009	2009-10-first	21.9	23.2	1040	22	0.991653331635077	0.371503328402367
Sample188	2009	2009-10-second	21.9	21.9	516	18	1.94340697462106	0.780699777657593
Sample189	2009	2009-11-first	19	20.3	547	16	1.59694876156103	0.659960094783245
Sample190	2009	2009-11-second	18	18.4	285	17	2.18880997398798	0.849910741766697
Sample191	2009	2009-12-first	14	18.1	2320	19	0.858551894062567	0.379267984542212
Sample192	2009	2009-12-second	12.4	13.9	46	9	1.54857922719747	0.709829867674858
Sample193	2010	2010-01-first	8.9	13.3	80	7	1.17234230796229	0.563125
Sample194	2010	2010-01-second	10.7	12.2	7	6	1.74786809746676	0.816326530612245
Sample195	2010	2010-02-first	11	12.1	33	11	1.73735188125531	0.703397612488522
Sample196	2010	2010-02-second	7.9	10.8	119	9	0.724870082952574	0.288397712025987
Sample197	2010	2010-03-first	9.4	10.9	34	9	1.84710182296287	0.788927335640138
Sample198	2010	2010-03-second	9.4	10.4	47	8	1.65966498759901	0.770484382073336
Sample199	2010	2010-04-first	14.6	10.5	317	9	1.04426532083788	0.535959159709023
Sample200	2010	2010-04-second	13.6	12	443	12	0.885192588432382	0.380618499966879
Sample201	2010	2010-05-first	17.2	13	227	18	1.90620793190187	0.762987832094549
Sample202	2010	2010-05-second	16	16	177	19	2.20257978956093	0.848989753902135
Sample203	2010	2010-06-first	21	17.7	208	15	2.14805856917021	0.84481323964497
Sample204	2010	2010-06-second	23.2	20	246	18	1.85748221674697	0.76462423160817
Sample205	2010	2010-07-first	25.6	22.3	421	18	1.96492409900673	0.816458945729261
Sample206	2010	2010-07-second	28.1	24	539	25	2.13671904623353	0.81829540721669
Sample207	2010	2010-08-first	29.2	26.9	1711	24	1.66182692614155	0.726296412562028
Sample208	2010	2010-08-second	30.6	27.6	923	18	1.51425505332495	0.655216573212087
Sample209	2010	2010-09-first	29.3	28.4	1155	22	2.12205754793291	0.849140008620528
Sample210	2010	2010-09-second	28	28.2	642	21	1.71893488233717	0.740006405217341
Sample211	2010	2010-10-first	24.8	25	703	17	1.19797119314026	0.478902650498069
Sample212	2010	2010-10-second	23.9	24.3	814	18	1.41396579038485	0.584926561585038
Sample213	2010	2010-11-first	15	20.9	232	18	1.87060722027912	0.749405469678954
Sample214	2010	2010-11-second	14.9	17.9	83	10	1.87183533119954	0.797212948178255
Sample215	2010	2010-12-first	16.5	16.5	83	9	1.77309504278172	0.776019741617071
Sample216	2010	2010-12-second	11.5	15.8	47	11	1.83311893623821	0.754187415119964
Sample217	2011	2011-01-first	9.5	14.4	54	11	1.64036437080504	0.689986282578875
Sample218	2011	2011-01-second	9.9	13.6	64	9	1.55182123415797	0.70166015625
Sample219	2011	2011-02-first	12	12.1	103	11	1.17673149196863	0.491092468658686
Sample220	2011	2011-02-second	6.9	11.8	49	9	1.23368705526329	0.588921282798834
Sample221	2011	2011-03-first	10.2	11.7	36	5	1.0926440890272	0.567901234567901
Sample222	2011	2011-03-second	10.8	11.3	19	5	1.2947749214475	0.653739612188366
Sample223	2011	2011-04-first	11.9	11.5	45	5	1.16108210091163	0.617283950617284
Sample224	2011	2011-04-second	14.5	13	51	9	1.11160462410785	0.460592079969243
Sample225	2011	2011-05-first	15.5	13.1	93	12	1.39245814308106	0.572782980691409
Sample226	2011	2011-05-second	15.8	16.8	42	16	2.47674201522317	0.892290249433107
Sample227	2011	2011-06-first	19.8	16.4	179	16	1.94329565613306	0.797977591211261
Sample228	2011	2011-06-second	22.5	17	452	17	1.69056400979322	0.731370898269246
Sample229	2011	2011-07-first	26.5	20.9	521	17	1.44145849587774	0.624960857055493
Sample230	2011	2011-07-second	26	26.2	477	14	1.46707892620854	0.662130981105705
Sample231	2011	2011-08-first	30.5	26	247	22	2.17416201715503	0.821649264862561
Sample232	2011	2011-08-second	28	29	1710	20	1.42389262434184	0.618346841763278
Sample233	2011	2011-09-first	24.6	27.3	1099	23	1.09414354565934	0.449184923675341
Sample234	2011	2011-09-second	27.5	24.6	604	16	1.28207218950271	0.538452260865751
Sample235	2011	2011-10-first	21.9	21.7	96	13	2.04140796861055	0.835286458333333
Sample236	2011	2011-10-second	21.3	21.7	327	11	1.29288020670765	0.584556107323551
Sample237	2011	2011-11-first	21	21.3	99	12	1.94782505934749	0.820936639118457
Sample238	2011	2011-11-second	18.4	19.4	40	10	2.06607044324287	0.8525
Sample239	2011	2011-12-first	13.6	17.4	77	13	1.80724411089739	0.76808905380334
Sample240	2011	2011-12-second	7.3	16.3	63	10	1.42028644473088	0.606198034769463
Sample241	2012	2012-01-first	9.3	14.6	32	7	1.50836347187439	0.6953125
Sample242	2012	2012-01-second	11.3	13.9	33	4	1.02428919550777	0.563820018365473
Sample243	2012	2012-02-first	7.5	11.9	22	7	1.7434729670544	0.797520661157025
Sample244	2012	2012-02-second	7.3	11.3	57	10	1.40272956352424	0.646352723915051
Sample245	2012	2012-03-first	10.9	11.4	61	4	0.543635756915566	0.262295081967213
Sample246	2012	2012-03-second	10	11.3	41	2	0.678500877013908	0.485425342058299
Sample247	2012	2012-04-first	11.4	11.4	39	6	1.22327390425662	0.599605522682446
Sample248	2012	2012-04-second	14.7	12.6	52	8	1.36545206209315	0.610207100591716
Sample249	2012	2012-05-first	16.7	15.8	116	11	1.76040163828172	0.77333531510107
Sample250	2012	2012-05-second	19.9	16.5	86	13	2.12504791572245	0.847755543537047
Sample251	2012	2012-06-first	21.4	18.3	535	17	1.77887254610632	0.767955279937112
Sample252	2012	2012-06-second	22.9	19.9	469	13	1.14689966932958	0.504025713649238
Sample253	2012	2012-07-first	25.4	21.9	346	18	2.09242962435308	0.823031173777941
Sample254	2012	2012-07-second	30.5	25.2	1104	17	1.38471131299292	0.572168399495904
Sample255	2012	2012-08-first	30	28.6	914	17	1.43436169030417	0.584357598073249
Sample256	2012	2012-08-second	31	28	615	22	1.95595549327325	0.778351510344372
Sample257	2012	2012-09-first	28.3	28.3	1275	24	1.6642108017704	0.729532333717801
Sample258	2012	2012-09-second	28	27.6	1002	26	1.80912816989753	0.709387612001546
Sample259	2012	2012-10-first	24.5	26.4	643	19	0.934476326245067	0.378963306236078
Sample260	2012	2012-10-second	21.2	23	542	16	1.53257862388976	0.624113233752264
Sample261	2012	2012-11-first	21.9	22.9	687	23	1.681725514394	0.683260976886194
Sample262	2012	2012-11-second	18.3	18.7	489	20	1.75548519777326	0.709381442867837
Sample263	2012	2012-12-first	14.2	18	408	17	1.71607689766924	0.707744617454825
Sample264	2012	2012-12-second	14	16	188	16	1.5350633727931	0.66189452240833
Sample265	2013	2013-01-first	11.4	15.1	260	15	1.73255874236085	0.734289940828402
Sample266	2013	2013-01-second	8.1	13.1	57	6	0.855981545479003	0.40751000307787
Sample267	2013	2013-02-first	11.4	12.5	111	9	1.19422600412019	0.541027514000487
Sample268	2013	2013-02-second	7.1	11.2	40	5	0.665631279792101	0.3075
Sample269	2013	2013-03-first	10.5	10.9	36	9	1.28171433677946	0.537037037037037
Sample270	2013	2013-03-second	10.6	10.6	27	6	1.27710882140633	0.647462277091907
Sample271	2013	2013-04-first	12.8	11.8	63	6	1.25145684384811	0.642479213907785
Sample272	2013	2013-04-second	13.7	13.6	188	10	1.23879763329505	0.635411951109099
Sample273	2013	2013-05-first	16.5	15.1	95	11	1.94911826767471	0.816620498614958
Sample274	2013	2013-05-second	19.7	17.7	363	19	1.97738552941971	0.81032716344512
Sample275	2013	2013-06-first	21.6	20.2	151	17	2.31546652111017	0.876452787158458
Sample276	2013	2013-06-second	26.3	20.8	309	17	2.0378315617246	0.807972266733696
Sample277	2013	2013-07-first	29.7	23.1	406	19	2.02599029487446	0.8164842631464
Sample278	2013	2013-07-second	29.8	26.6	1298	23	1.42950277389414	0.611699639839412
Sample279	2013	2013-08-first	31.5	28.8	1600	17	1.4938085893246	0.66304140625
Sample280	2013	2013-08-second	31.8	29.6	930	26	1.95575994077632	0.793851312290438
Sample281	2013	2013-09-first	29.9	28.2	605	16	1.34247709398791	0.544563895908749
Sample282	2013	2013-09-second	25.5	26.5	120	19	2.29280732319658	0.865555555555556
Sample283	2013	2013-10-first	24.5	25	398	15	1.27753865147999	0.57737178354082
Sample284	2013	2013-10-second	21.5	24.6	458	10	0.550549822567004	0.230821303941572
Sample285	2013	2013-11-first	20.5	22.5	455	13	0.599350919545382	0.224127520830818
Sample286	2013	2013-11-second	14.5	19.6	72	13	1.97136928778106	0.805941358024691
Sample287	2013	2013-12-first	15.4	17.4	68	12	1.94181012200597	0.807525951557093
Sample288	2013	2013-12-second	10.5	15.4	15	7	1.70947277658421	0.782222222222222
Sample289	2014	2014-01-first	9.4	14.4	38	9	1.64797739133016	0.707756232686981
Sample290	2014	2014-01-second	7.3	13.5	24	3	1.02401022029429	0.621527777777778
Sample291	2014	2014-02-first	5.4	8.5	155	6	0.194423219406741	0.0632674297606659
Sample292	2014	2014-02-second	5.5	10.4	8	5	1.49417513828931	0.75
Sample293	2014	2014-03-first	8.4	10.5	16	4	1.22277931619347	0.6796875
Sample294	2014	2014-03-second	11.5	10.4	26	4	1.26373520553284	0.689349112426035
Sample295	2014	2014-04-first	15.4	10.5	36	9	1.67077796659145	0.751543209876543
Sample296	2014	2014-04-second	14.4	12.6	61	8	1.16034366815242	0.521365224402042
Sample297	2014	2014-05-first	17.5	15.5	341	13	1.29567243751523	0.544972953448973
Sample298	2014	2014-05-second	17.5	17.1	457	17	1.17515352052084	0.521831562516459
Sample299	2014	2014-06-first	22.4	18.2	372	22	1.89081191505946	0.751315180945774
Sample300	2014	2014-06-second	24.5	20.8	227	15	1.76352768623225	0.720293427002271
Sample301	2014	2014-07-first	26.6	22.6	818	13	1.16422870894423	0.460153872824768
Sample302	2014	2014-07-second	30.4	25.4	928	21	1.68035431663115	0.672796986474435
Sample303	2014	2014-08-first	26.6	25.4	1059	20	1.54554532439087	0.670285096225438
Sample304	2014	2014-08-second	25.4	25.4	417	16	1.91750752693878	0.80051067060021
Sample305	2014	2014-09-first	24.4	25.5	105	14	1.9338521118825	0.796916099773243
Sample306	2014	2014-09-second	24.4	24.8	242	15	1.24206687716234	0.487535004439587
Sample307	2014	2014-10-first	22.5	23.3	324	17	1.51267746203776	0.598022405121171
Sample308	2014	2014-10-second	18.3	20.5	421	19	1.23859077009141	0.478692853233733
Sample309	2014	2014-11-first	18.4	19.8	395	16	1.05637518802784	0.413292741547829
Sample310	2014	2014-11-second	17	16.9	314	12	1.26297593465722	0.557507403951479
Sample311	2014	2014-12-first	12.4	16.4	509	12	0.821520483440073	0.364658157101447
Sample312	2014	2014-12-second	8.4	13.3	49	8	1.54830979754038	0.709704289879217
Sample313	2015	2015-01-first	6.3	13.4	18	6	1.52295506753132	0.728395061728395
Sample314	2015	2015-01-second	9.4	12.6	21	7	1.65693750199607	0.752834467120181
Sample315	2015	2015-02-first	6.6	12.2	47	8	1.27346154996639	0.564056133997284
Sample316	2015	2015-02-second	7.9	11.7	119	5	0.589682388296964	0.280912364945978
Sample317	2015	2015-03-first	8.6	11.8	53	6	0.813118340710925	0.400142399430402
Sample318	2015	2015-03-second	13.8	11.8	11	3	0.600166073159646	0.314049586776859
Sample319	2015	2015-04-first	12.6	11.6	48	8	1.22523338199068	0.551215277777778
Sample320	2015	2015-04-second	15.4	13	400	8	0.741352313358109	0.3783375
Sample321	2015	2015-05-first	19.6	14.6	155	9	1.30524332079767	0.645660770031217
Sample322	2015	2015-05-second	21.4	17.8	150	15	2.1310657761854	0.841066666666667
Sample323	2015	2015-06-first	22.6	19.6	146	13	1.96888778406494	0.824638768999812
Sample324	2015	2015-06-second	25.5	20.6	320	17	2.15834687643782	0.833046875
Sample325	2015	2015-07-first	23	21.7	517	18	1.00139748128331	0.37147806307031
Sample326	2015	2015-07-second	26	20.6	1073	20	1.87713313025571	0.794903976187519
Sample327	2015	2015-08-first	29.5	24.8	1083	22	1.66761729564259	0.713482691030439
Sample328	2015	2015-08-second	28.5	28	745	20	1.97623016495169	0.812514751587766
Sample329	2015	2015-09-first	23.5	25.7	678	21	1.43761516723814	0.544495784060354
Sample330	2015	2015-09-second	22	24	566	19	1.23395316562047	0.465307345578044
Sample331	2015	2015-10-first	20.6	22.3	464	20	1.91306141899999	0.764575282401903
Sample332	2015	2015-10-second	20.9	21.1	381	20	2.28975552987031	0.861278167000778
Sample333	2015	2015-11-first	19	19.2	318	18	2.15811328037543	0.85125192832562
Sample334	2015	2015-11-second	16.8	18.6	1090	16	1.22836889270173	0.509672586482619
Sample335	2015	2015-12-first	15.2	16.1	712	17	1.60623228265931	0.722083701552834
Sample336	2015	2015-12-second	14.7	16.1	164	11	1.80585903454445	0.793798334324807
Sample337	2016	2016-01-first	14.1	15.2	131	16	1.8988049835932	0.780840277373113
Sample338	2016	2016-01-second	13.2	13.1	165	12	1.73585294491844	0.77465564738292
Sample339	2016	2016-02-first	10.5	11.5	62	11	1.76040818093012	0.761706555671176
Sample340	2016	2016-02-second	8.2	11.6	29	11	1.96018875906622	0.801426872770511
Sample341	2016	2016-03-first	9	11	84	12	1.45553873449356	0.611678004535147
Sample342	2016	2016-03-second	12.5	11	37	5	0.726646218671552	0.331628926223521
Sample343	2016	2016-04-first	12.9	12	68	7	1.398977413299	0.677768166089965
Sample344	2016	2016-04-second	14.6	13.6	24	7	1.36804337864615	0.65625
Sample345	2016	2016-05-first	16.9	15	96	12	1.94894354920107	0.823784722222222
Sample346	2016	2016-05-second	21	17	79	13	1.95045396947325	0.812369812530043
Sample347	2016	2016-06-first	21	20.2	206	16	1.94048750240513	0.771373362239608
Sample348	2016	2016-06-second	24.5	20.5	274	17	2.17514303566545	0.855586339176301
Sample349	2016	2016-07-first	28	23	2162	18	1.57092923272058	0.725657881787943
Sample350	2016	2016-07-second	28.5	26.2	896	20	1.95724983335257	0.791498923788265
Sample351	2016	2016-08-first	29.4	27.6	836	26	2.22219998780313	0.841129438428607
Sample352	2016	2016-08-second	31	29	1179	20	1.42265615804995	0.568931420008475
Sample353	2016	2016-09-first	29.5	25.5	973	25	2.04310557261731	0.802886570496943
Sample354	2016	2016-09-second	27.9	24.5	968	20	1.57997884069859	0.59968794822758
Sample355	2016	2016-10-first	23.2	22	476	18	1.83291973180529	0.751059247228303
Sample356	2016	2016-10-second	23.5	22.9	377	21	2.32022032688406	0.862667013769182
Sample357	2016	2016-11-first	18.5	18.5	383	17	1.62840946498692	0.68135988383587
Sample358	2016	2016-11-second	16.9	18.6	212	17	1.9245804010867	0.785243859024564
Sample359	2016	2016-12-first	16.2	17.7	254	15	1.85360966980441	0.798809597619195
Sample360	2016	2016-12-second	16.1	16.2	166	14	1.78754707654133	0.773043983161562
Sample361	2017	2017-01-first	11.3	15.4	159	15	1.61167868380084	0.667141331434674
Sample362	2017	2017-01-second	10.2	12.8	38	10	1.50400823793097	0.659279778393352
Sample363	2017	2017-02-first	8.9	12.3	32	7	1.21412663256323	0.56640625
Sample364	2017	2017-02-second	10.4	12.6	35	9	1.57056274315311	0.671020408163265
Sample365	2017	2017-03-first	12.1	12	93	9	1.10253801624604	0.520291363163371
Sample366	2017	2017-03-second	11.2	12	49	6	1.22391610031438	0.568929612661391
Sample367	2017	2017-04-first	11.9	13	62	10	1.55311186030916	0.680020811654527
Sample368	2017	2017-04-second	16.4	14.3	93	12	1.52732852935878	0.678459937565036
Sample369	2017	2017-05-first	16.9	15	182	13	1.82474031403172	0.78058205530733
Sample370	2017	2017-05-second	22.1	18	387	17	1.72054803360417	0.696018535210891
Sample371	2017	2017-06-first	21.6	19.3	394	18	2.1391322739458	0.849931716869798
Sample372	2017	2017-06-second	23	21	633	20	2.02176109808919	0.815630077192037
Sample373	2017	2017-07-first	27.2	22.1	1047	20	1.76440292188612	0.756406853072726
Sample374	2017	2017-07-second	29.8	27.3	1300	21	1.82736378176441	0.745585798816568
Sample375	2017	2017-08-first	30.2	28.5	938	24	2.0199139326635	0.792710980582922
Sample376	2017	2017-08-second	30.1	28.5	973	26	1.9195350585159	0.777696679831293
Sample377	2017	2017-09-first	27.1	24.3	833	20	1.55151680270817	0.68707242801082
Sample378	2017	2017-09-second	25	25.3	446	21	2.23435823677157	0.839912324800418
Sample379	2017	2017-10-first	25	24	298	20	2.16392313320671	0.84219179316247
Sample380	2017	2017-10-second	16.9	22	208	17	1.73893966480854	0.713942307692308
Sample381	2017	2017-11-first	19	19.7	233	17	2.1701176221687	0.849859087476284
Sample382	2017	2017-11-second	10.9	18.2	171	16	2.1081423113318	0.83170890188434
Sample383	2017	2017-12-first	16.5	17.3	189	17	2.14793231777816	0.83625878334873
Sample384	2017	2017-12-second	12.1	14	43	13	2.26284627152567	0.872904272579773
Sample385	2018	2018-01-first	10.9	14.1	29	8	1.73866369847354	0.784780023781213
Sample386	2018	2018-01-second	12.4	13.2	61	10	1.78136542180843	0.777210427304488
Sample387	2018	2018-02-first	9	12	25	7	1.4428149223091	0.6496
Sample388	2018	2018-02-second	8.6	11.4	56	10	1.76620621359901	0.776147959183674
Sample389	2018	2018-03-first	11	11.2	28	6	1.57720899879094	0.76530612244898
Sample390	2018	2018-03-second	11.1	11.3	24	6	1.35033410206342	0.666666666666667
Sample391	2018	2018-04-first	13.2	12.7	35	9	1.90734098534264	0.817959183673469
Sample392	2018	2018-04-second	18	15.1	90	16	2.28281657415254	0.852592592592593
Sample393	2018	2018-05-first	16.5	16	104	12	1.86734143307559	0.786797337278107
Sample394	2018	2018-05-second	20.1	17.1	170	12	1.62248020588496	0.650657439446367
Sample395	2018	2018-06-first	21.2	19.1	338	19	1.89429998598753	0.779699590350478
Sample396	2018	2018-06-second	23.5	20	630	19	1.9199002937789	0.776890904509952
Sample397	2018	2018-07-first	28.5	23	681	21	1.77801131616557	0.720647057428287
Sample398	2018	2018-07-second	32.5	26.9	1239	24	1.73102210432243	0.74823678394081
Sample399	2018	2018-08-first	30.1	23	1268	25	1.83174765677778	0.728459085073988
Sample400	2018	2018-08-second	26	22.7	1469	23	1.65834096482845	0.738444299966496
Sample401	2018	2018-09-first	25.6	26	597	22	2.08250219815452	0.833923946926144
Sample402	2018	2018-09-second	25.9	24.4	503	21	2.25942076205806	0.856823275061361
Sample403	2018	2018-10-first	22.4	24.3	406	21	1.98421715356694	0.783603096410978
Sample404	2018	2018-10-second	20.4	23.1	160	18	2.10584213308081	0.783125
Sample405	2018	2018-11-first	20.4	21.3	620	16	1.69901956864483	0.710983350676379
Sample406	2018	2018-11-second	19.3	21.5	190	16	1.89820750307706	0.753684210526316
Sample407	2018	2018-12-first	17.6	17.9	181	17	2.23898844783289	0.855163151307958
Sample408	2018	2018-12-second	12.6	17.2	114	16	2.07126649133635	0.797630040012312
Sample409	2019	2019-01-first	8.3	15.7	39	13	2.14684968226678	0.838921761998685
Sample410	2019	2019-01-second	11.9	14.5	37	11	2.0678153219358	0.825420014609204
Sample411	2019	2019-02-first	11.4	12.5	21	8	1.86041901078138	0.816326530612245
Sample412	2019	2019-02-second	9.3	12.3	24	9	1.91379849946376	0.822916666666667
Sample413	2019	2019-03-first	11.2	12.1	106	12	1.35674122358942	0.547347810608758
Sample414	2019	2019-03-second	11.4	12.4	40	11	2.09150774951267	0.84125
Sample415	2019	2019-04-first	13.3	12.6	46	10	1.45746286603281	0.60586011342155
Sample416	2019	2019-04-second	14.9	13.5	31	8	1.63354299605952	0.732570239334027
Sample417	2019	2019-05-first	17.2	16.1	103	13	1.82927951796376	0.765387878216609
Sample418	2019	2019-05-second	17.6	16.3	366	20	1.90714161186609	0.773253904267073
Sample419	2019	2019-06-first	23.5	19.5	758	22	1.87923002258698	0.750426410286757
Sample420	2019	2019-06-second	23.7	21.2	944	17	1.23301630590475	0.498298800632002
Sample421	2019	2019-07-first	25.4	22.6	1024	19	1.58673025623627	0.699522018432617
Sample422	2019	2019-07-second	26.7	23.3	1721	23	1.29522502655498	0.611251583052568
Sample423	2019	2019-08-first	31.7	26.6	975	22	1.83369170137721	0.751179487179487
Sample424	2019	2019-08-second	28.5	27	1315	25	1.71164367067712	0.726234006563634
Sample425	2019	2019-09-first	28.4	26.7	930	23	1.68235178980807	0.740245115042201
Sample426	2019	2019-09-second	26.5	24.5	822	24	1.65002583093255	0.740905512044092
Sample427	2019	2019-10-first	25.2	24.1	862	21	1.68825177013706	0.752563778188102
Sample428	2019	2019-10-second	21.3	22.3	817	19	1.68275056853073	0.732734172398347
Sample429	2019	2019-11-first	21.2	20.4	732	23	1.98684768335218	0.804264086715041
Sample430	2019	2019-11-second	17.9	18.3	301	16	1.90328928085007	0.759483890906281
Sample431	2019	2019-12-first	16.8	16.8	227	17	1.93353802683672	0.748937491509635
Sample432	2019	2019-12-second	14.4	15.4	85	14	1.99166729252377	0.800553633217993
Sample433	2020	2020-01-first	14.4	14.5	85	12	1.67742195059753	0.713356401384083
Sample434	2020	2020-01-second	12.6	13.5	42	8	1.61648535037812	0.744897959183674
Sample435	2020	2020-02-first	10.4	13	86	10	1.45082023535514	0.627636560302866
Sample436	2020	2020-02-second	11.4	13	30	11	1.97390480861884	0.793333333333333
Sample437	2020	2020-03-first	11.5	11.9	12	6	1.7045514452673	0.805555555555556
Sample438	2020	2020-03-second	12.4	12.4	41	12	2.13073408281431	0.850684116597264
Sample439	2020	2020-04-first	12.4	13.4	67	7	0.984018126703413	0.429494319447538
Sample440	2020	2020-04-second	13.2	14.4	28	8	1.58490244163778	0.727040816326531
Sample441	2020	2020-05-first	17.4	14.3	110	14	1.93061969217438	0.757520661157025
Sample442	2020	2020-05-second	21.4	17.3	237	15	1.9319291377781	0.769570403603411
Sample443	2020	2020-06-first	23.3	21	814	25	1.52689541673438	0.591887062403033
Sample444	2020	2020-06-second	26.5	22.5	672	16	1.65322555752436	0.739003153344671
Sample445	2020	2020-07-first	24.4	23.4	1285	21	1.54894127762912	0.705143151296765
Sample446	2020	2020-07-second	25.6	23.6	1282	22	1.31491905204049	0.564547886127614
Sample447	2020	2020-08-first	28.5	25.8	934	26	2.0919875482928	0.816806441406949
Sample448	2020	2020-08-second	31.3	28.3	1371	30	2.33609962216529	0.850906103878347
Sample449	2020	2020-09-first	31.4	29.4	1892	27	2.15998619230528	0.827308931788011
Sample450	2020	2020-09-second	26.5	26.5	1649	31	1.79890735450951	0.771553114315566
Sample451	2020	2020-10-first	24.5	25.3	963	23	1.86340111538387	0.76523800127026
Sample452	2020	2020-10-second	21.3	23	515	20	2.14904471685829	0.848894334998586
Sample453	2020	2020-11-first	20.1	20.1	521	17	1.93958956680526	0.805139975169558
Sample454	2020	2020-11-second	19.4	19.3	628	23	2.16135714321338	0.845982595642825
Sample455	2020	2020-12-first	16.4	16.9	380	20	2.11353846812395	0.820927977839335
Sample456	2020	2020-12-second	9.3	16.2	182	16	1.66514044428997	0.664593648110132
Sample457	2021	2021-01-first	11.9	15.4	94	13	1.69544739874803	0.68492530556813
Sample458	2021	2021-01-second	12	14.1	24	9	1.94399030276673	0.829861111111111
Sample459	2021	2021-02-first	10.7	13.1	17	9	2.00288304109065	0.837370242214533
Sample460	2021	2021-02-second	13.1	12	15	7	1.78385396035562	0.808888888888889
Sample461	2021	2021-03-first	11.4	11.9	19	9	1.94084303274077	0.81994459833795
Sample462	2021	2021-03-second	13.5	11.6	29	7	1.2981696322189	0.585017835909631
Sample463	2021	2021-04-first	15.1	13.1	21	8	1.67440893725071	0.752834467120181
Sample464	2021	2021-04-second	15.5	14	26	10	1.87036928692066	0.772189349112426
Sample465	2021	2021-05-first	18.3	16.3	175	15	1.52647110124834	0.622628571428572
Sample466	2021	2021-05-second	19.6	17.6	135	14	2.02726548215284	0.81997256515775
Sample467	2021	2021-06-first	21.3	18.8	558	22	1.74001503114348	0.721329376549633
Sample468	2021	2021-06-second	24.5	22.2	1025	24	1.72587240545707	0.730357644259369
Sample469	2021	2021-07-first	27.6	24.4	1467	21	1.20491147750143	0.574545011846629
Sample470	2021	2021-07-second	29.9	26.5	882	18	1.85958308700528	0.749870167265697
Sample471	2021	2021-08-first	28.7	26.4	1492	23	1.7375880985376	0.745223856996025
Sample472	2021	2021-08-second	28.5	26.5	844	24	1.92623189178301	0.757148312032524
Sample473	2021	2021-09-first	27.5	26.9	1001	17	1.51127496431336	0.648085181551715
Sample474	2021	2021-09-second	26.4	26.3	636	17	1.87454307887296	0.731710573157707
Sample475	2021	2021-10-first	25.8	25.7	508	18	2.04441656469293	0.810333870667741
Sample476	2021	2021-10-second	20.4	22.8	1278	21	1.3400818508626	0.569604551321142
Sample477	2021	2021-11-first	21.1	21.6	680	22	2.04040646075327	0.8242776816609
Sample478	2021	2021-11-second	17.5	17.3	764	20	1.68641775893834	0.714714508922453
Sample479	2021	2021-12-first	14.9	15.8	348	18	1.60820427124878	0.665692297529396
Sample480	2021	2021-12-second	14.3	16.1	157	14	1.79925716859654	0.77033551056838
Sample481	2022	2022-01-first	10.6	14.1	79	12	1.44815978356615	0.580035250761096
Sample482	2022	2022-01-second	9.7	12.9	14	8	1.90853528164356	0.826530612244898
Sample483	2022	2022-02-first	9	13.2	27	6	1.62307978061272	0.779149519890261
Sample484	2022	2022-02-second	10.4	12.7	20	7	1.81827731986874	0.82
Sample485	2022	2022-03-first	9.9	11.3	20	8	1.77858608245307	0.795
Sample486	2022	2022-03-second	11	11.9	65	7	0.92248517162655	0.397159763313609
Sample487	2022	2022-04-first	14.3	12.6	22	8	1.89460209899719	0.830578512396694
Sample488	2022	2022-04-second	17.1	15.1	54	12	2.04017969878519	0.812757201646091
Sample489	2022	2022-05-first	17.1	16.2	152	17	2.11027472307964	0.817520775623269
Sample490	2022	2022-05-second	20.3	17.5	166	20	2.20836774718386	0.84221222238351
Sample491	2022	2022-06-first	22.2	19.8	221	20	2.26003311509494	0.85972850678733
Sample492	2022	2022-06-second	25.1	20.8	1202	19	1.38727873688654	0.64056577916451
Sample493	2022	2022-07-first	29.2	24	1159	20	1.93522361368436	0.807947108609442
Sample494	2022	2022-07-second	28.1	26.2	977	20	2.06515868485278	0.813513261514317
Sample495	2022	2022-08-first	30.9	26.6	2105	28	2.17846659645106	0.840472351205421
Sample496	2022	2022-08-second	30.3	29.3	1468	22	2.04179980492201	0.83073784793116
Sample497	2022	2022-09-first	28.3	28.9	548	23	1.92029596974624	0.74614390750706
Sample498	2022	2022-09-second	22.9	25.2	399	19	1.60158155690547	0.705309640014824
Sample499	2022	2022-10-first	24.5	24.5	558	21	1.94745590912647	0.77479091995221
Sample500	2022	2022-10-second	22.3	22.6	580	21	1.68986755485316	0.691046373365042
Sample501	2022	2022-11-first	21	20.4	622	22	2.11069818370835	0.818663992307772
Sample502	2022	2022-11-second	19.2	19.4	392	19	1.63241914045509	0.683907746772178
Sample503	2022	2022-12-first	17.1	16.9	143	16	2.23602437675714	0.865274585554306
Sample504	2022	2022-12-second	12.9	12.3	24	9	1.74601727375981	0.756944444444444
Sample505	2023	2023-01-first	12.4	14.4	33	12	2.13256831079567	0.844811753902663
Sample506	2023	2023-01-second	11.5	14.4	47	9	1.86404445615348	0.805794477138977
Sample507	2023	2023-02-first	7.6	12.5	23	9	1.97133271720448	0.835538752362949
Sample508	2023	2023-02-second	7	12.3	23	10	2.13737989154226	0.86578449905482
Sample509	2023	2023-03-first	11.2	12.2	12	4	0.836988216785836	0.416666666666667
Sample510	2023	2023-03-second	13.3	12.2	40	10	1.71631611439999	0.75875
Sample511	2023	2023-04-first	15.5	14.2	211	10	0.933751119361824	0.406235259765055
Sample512	2023	2023-04-second	15.5	14.4	48	13	2.03063370033673	0.787326388888889
Sample513	2023	2023-05-first	17.6	15.5	122	14	1.79070682884943	0.765520021499597
Sample514	2023	2023-05-second	19.5	19.3	199	14	1.98985525215914	0.829827529607838
Sample515	2023	2023-06-first	21.4	19.4	208	13	1.95932838763709	0.823733357988166
Sample516	2023	2023-06-second	24.3	22	776	18	1.3610444310663	0.535710489956425
Sample517	2023	2023-07-first	26.3	23.2	941	22	1.56277483142638	0.63156182910757
Sample518	2023	2023-07-second	28.4	25.6	1143	19	1.68104778235738	0.753044320903457
Sample519	2023	2023-08-first	28.3	27.3	1206	22	1.5002603738991	0.617619475865559
Sample520	2023	2023-08-second	29.9	27.9	763	23	2.06126022771096	0.778574606342832
Sample521	2023	2023-09-first	28.3	27.5	362	17	2.12336632031065	0.820365678703336
Sample522	2023	2023-09-second	28.5	27.5	316	16	1.91481717279167	0.81188912033328
Sample523	2023	2023-10-first	27	26.7	454	18	2.19215305033247	0.849055871451028
Sample524	2023	2023-10-second	23.8	23.9	267	17	2.27578536708112	0.867006129977977
Sample525	2023	2023-11-first	21.4	21.9	712	21	1.93731519046007	0.80319719732357
Sample526	2023	2023-11-second	17.9	21.2	941	18	1.2709239615864	0.604776387070982
Sample527	2023	2023-12-first	16.9	16.9	429	20	1.85823002406139	0.736846680902625
Sample528	2023	2023-12-second	14.8	15.1	88	17	2.36717641264976	0.87525826446281
Sample529	2024	2024-01-first	12.4	14.3	64	13	2.14500984108119	0.8447265625
Sample530	2024	2024-01-second	11.5	13.6	113	8	0.569146393464043	0.21458219124442
Sample531	2024	2024-02-first	10.9	13.3	9	8	2.04319187054512	0.864197530864198
Sample532	2024	2024-02-second	9	11.5	65	5	0.768239732609675	0.382485207100592
Sample533	2024	2024-03-first	10	11.4	9	5	1.52295506753132	0.765432098765432
Sample534	2024	2024-03-second	11.5	12	28	12	2.1990465708059	0.862244897959184
Sample535	2024	2024-04-first	14.2	12.3	17	7	1.76231471083667	0.795847750865052
Sample536	2024	2024-04-second	15.5	13.9	87	13	1.80747754044624	0.755714096974501
Sample537	2024	2024-05-first	16.7	16.2	118	11	1.69484729492782	0.723498994541798
Sample538	2024	2024-05-second	19.3	16.6	205	10	1.57298689022688	0.740654372397383
Sample539	2024	2024-06-first	22	18.9	1197	16	1.25664681950612	0.549306990673565
Sample540	2024	2024-06-second	23.3	20.9	863	17	1.10232044467232	0.44368388050523
